Farsite BenchMark Results


Simulation Info:
	Landscape File: landscape.lcp
	Landscape Resolution: 30.0
	Landscape Size: 842 x 592
	Inputs File: config.txt
	Farsite Start Time: 05 15 0800
	Farsite End Time:   05 15 2200
	Total Sim Time:     840.000000
	Ignition File:      ignition
	Barriers File:      None
	Time Step:                  60.000000
	Distance Resolution:        30.000000
	Perimeter Resolution:       90.000000
	Enable Spotting:            No
	Spot Probability:           0.000000
	Spot Ignition Delay:        0.000000
	Spot Grid Resolution:        15
	Spotting Seed:               253114
	Minimum Spotting Distance:  30.000000
	Foliar Moisture:            100.0000
	Enable Crowning:            Yes
	Crown Fire Method:          Finney
	                            Crown Density NOT LINKED to Crown Cover
	Dist Check Method:          Fire Level
	Acceleration:               On
	Backing Spread:             Calculated from Elliptical Dimensions
	Simulation Started:         5/15 8:00
	Simulation Ended:           05/15  22:00
	Elapsed Time:               00 14:00
	Restore Ignitions:          No
	Preserve Inactive Enclaves: Yes
	Tree Species Number:        1
	Conditoning Start:          0/0
	Burn Periods:           0
	Relative Burn Periods:      0
	Internal Weather:            -20
	Internal Winds:              1293
5 14 0 17 31 0
5 14 10 19 29 0
5 14 20 18 29 0
5 14 30 20 31 0
5 14 40 22 32 0
5 14 50 21 31 0
5 14 100 21 32 0
5 14 110 20 32 0
5 14 120 18 34 0
5 14 130 18 34 0
5 14 140 18 33 0
5 14 150 17 32 0
5 14 200 17 33 0
5 14 210 16 32 0
5 14 220 15 34 0
5 14 230 15 32 0
5 14 240 16 33 0
5 14 250 14 34 0
5 14 300 15 38 0
5 14 310 14 36 0
5 14 320 13 32 0
5 14 330 14 32 0
5 14 340 16 33 0
5 14 350 22 39 0
5 14 400 27 38 0
5 14 410 28 39 0
5 14 420 26 41 0
5 14 430 25 41 0
5 14 440 28 40 0
5 14 450 26 39 0
5 14 500 27 38 0
5 14 510 23 39 0
5 14 520 26 39 0
5 14 530 21 41 0
5 14 540 21 39 0
5 14 550 24 40 0
5 14 600 26 40 0
5 14 610 25 39 0
5 14 620 26 39 0
5 14 630 27 38 0
5 14 640 28 39 0
5 14 650 28 39 0
5 14 700 28 37 0
5 14 710 25 39 0
5 14 720 25 38 0
5 14 730 23 41 0
5 14 740 22 42 0
5 14 750 21 38 0
5 14 800 19 40 0
5 14 810 20 39 0
5 14 820 33 39 0
5 14 830 35 37 0
5 14 840 36 39 0
5 14 850 33 36 0
5 14 900 35 38 0
5 14 910 41 38 0
5 14 920 40 38 0
5 14 930 37 37 0
5 14 940 36 38 0
5 14 950 36 36 0
5 14 1000 37 38 0
5 14 1010 34 37 0
5 14 1020 33 36 0
5 14 1030 37 37 0
5 14 1040 33 40 0
5 14 1050 33 38 0
5 14 1100 30 37 0
5 14 1110 28 36 0
5 14 1120 27 38 0
5 14 1130 23 31 0
5 14 1140 17 15 0
5 14 1150 9 16 0
5 14 1200 9 19 0
5 14 1210 14 25 0
5 14 1220 10 10 0
5 14 1230 18 25 0
5 14 1240 20 26 0
5 14 1250 24 30 0
5 14 1300 24 30 0
5 14 1310 22 27 0
5 14 1320 22 33 0
5 14 1330 21 28 0
5 14 1340 21 34 0
5 14 1350 20 31 0
5 14 1400 20 25 0
5 14 1410 14 22 0
5 14 1420 16 23 0
5 14 1430 13 21 0
5 14 1440 20 31 0
5 14 1450 23 37 0
5 14 1500 20 30 0
5 14 1510 21 37 0
5 14 1520 23 34 0
5 14 1530 21 32 0
5 14 1540 25 37 0
5 14 1550 23 36 0
5 14 1600 23 36 0
5 14 1610 23 35 0
5 14 1620 21 37 0
5 14 1630 24 35 0
5 14 1640 22 37 0
5 14 1650 23 37 0
5 14 1700 22 36 0
5 14 1710 21 37 0
5 14 1720 20 36 0
5 14 1730 18 36 0
5 14 1740 17 33 0
5 14 1750 17 34 0
5 14 1800 15 22 0
5 14 1810 15 22 0
5 14 1820 9 188 0
5 14 1830 7 232 0
5 14 1840 9 217 0
5 14 1850 7 242 0
5 14 1900 5 273 0
5 14 1910 5 257 0
5 14 1920 3 255 0
5 14 1930 4 264 0
5 14 1940 3 265 0
5 14 1950 4 228 0
5 14 2000 6 216 0
5 14 2010 6 219 0
5 14 2020 5 213 0
5 14 2030 5 202 0
5 14 2040 4 208 0
5 14 2050 4 213 0
5 14 2100 3 197 0
5 14 2110 2 160 0
5 14 2120 3 88 0
5 14 2130 5 57 0
5 14 2140 5 53 0
5 14 2150 6 32 0
5 14 2200 5 30 0
5 14 2210 6 23 0
5 14 2220 5 23 0
5 14 2230 5 23 0
5 14 2240 5 7 0
5 14 2250 6 11 0
5 14 2300 4 9 0
5 14 2310 4 11 0
5 14 2320 4 8 0
5 14 2330 3 8 0
5 14 2340 2 18 0
5 14 2350 3 10 0
5 15 0 3 10 0
5 15 10 3 3 0
5 15 20 3 19 0
5 15 30 3 16 0
5 15 40 4 26 0
5 15 50 3 25 0
5 15 100 3 38 0
5 15 110 2 33 0
5 15 120 2 38 0
5 15 130 4 21 0
5 15 140 5 10 0
5 15 150 5 6 0
5 15 200 3 18 0
5 15 210 5 9 0
5 15 220 5 6 0
5 15 230 5 6 0
5 15 240 5 30 0
5 15 250 4 32 0
5 15 300 3 26 0
5 15 310 5 25 0
5 15 320 6 17 0
5 15 330 5 20 0
5 15 340 6 26 0
5 15 350 5 26 0
5 15 420 3 51 0
5 15 430 5 57 0
5 15 440 5 44 0
5 15 450 5 29 0
5 15 500 6 32 0
5 15 510 6 30 0
5 15 520 6 29 0
5 15 530 6 25 0
5 15 540 7 22 0
5 15 550 6 28 0
5 15 600 4 30 0
5 15 610 5 32 0
5 15 620 6 25 0
5 15 630 7 26 0
5 15 640 6 21 0
5 15 650 6 26 0
5 15 700 6 29 0
5 15 710 7 34 0
5 15 720 7 33 0
5 15 730 7 33 0
5 15 740 7 34 0
5 15 750 8 25 0
5 15 800 7 30 0
5 15 810 7 31 0
5 15 820 8 34 0
5 15 830 9 34 0
5 15 840 9 34 0
5 15 850 10 34 0
5 15 900 10 30 0
5 15 910 11 34 0
5 15 920 11 36 0
5 15 930 9 34 0
5 15 940 8 28 0
5 15 950 7 29 0
5 15 1000 9 39 0
5 15 1010 9 41 0
5 15 1020 8 29 0
5 15 1030 5 64 0
5 15 1040 5 26 0
5 15 1050 4 77 0
5 15 1100 5 169 0
5 15 1110 4 51 0
5 15 1120 4 87 0
5 15 1130 3 347 0
5 15 1140 6 185 0
5 15 1150 7 182 0
5 15 1200 9 198 0
5 15 1210 10 220 0
5 15 1220 9 233 0
5 15 1230 13 217 0
5 15 1240 15 211 0
5 15 1250 13 229 0
5 15 1300 12 221 0
5 15 1310 14 227 0
5 15 1320 16 229 0
5 15 1330 15 230 0
5 15 1340 12 237 0
5 15 1350 15 227 0
5 15 1400 12 242 0
5 15 1410 19 228 0
5 15 1420 14 230 0
5 15 1430 13 234 0
5 15 1440 12 234 0
5 15 1450 12 239 0
5 15 1500 12 236 0
5 15 1510 11 241 0
5 15 1520 10 245 0
5 15 1530 9 245 0
5 15 1540 11 239 0
5 15 1550 12 235 0
5 15 1600 12 234 0
5 15 1610 14 235 0
5 15 1620 14 235 0
5 15 1630 12 238 0
5 15 1640 10 239 0
5 15 1650 12 236 0
5 15 1700 10 235 0
5 15 1710 13 225 0
5 15 1720 13 225 0
5 15 1730 11 233 0
5 15 1740 9 234 0
5 15 1750 12 225 0
5 15 1800 13 227 0
5 15 1810 15 224 0
5 15 1820 14 223 0
5 15 1830 15 225 0
5 15 1840 14 220 0
5 15 1850 13 218 0
5 15 1900 12 225 0
5 15 1910 10 226 0
5 15 1920 9 215 0
5 15 1930 8 211 0
5 15 1940 5 219 0
5 15 1950 4 220 0
5 15 2000 3 242 0
5 15 2010 3 235 0
5 15 2020 3 243 0
5 15 2030 6 221 0
5 15 2040 5 230 0
5 15 2050 4 233 0
5 15 2100 3 235 0
5 15 2110 1 270 0
5 15 2120 3 294 0
5 15 2130 2 14 0
5 15 2140 2 43 0
5 15 2150 2 39 0
5 15 2200 3 41 0
5 15 2210 3 24 0
5 15 2220 4 32 0
5 15 2230 4 51 0
5 15 2240 5 78 0
5 15 2250 4 74 0
5 15 2300 4 63 0
5 15 2310 5 116 0
5 15 2320 2 69 0
5 15 2330 1 345 0
5 15 2340 1 319 0
5 15 2350 0 319 0
5 16 0 3 15 0
5 16 10 5 23 0
5 16 20 5 46 0
5 16 30 6 63 0
5 16 40 6 62 0
5 16 50 7 60 0
5 16 100 5 66 0
5 16 110 5 57 0
5 16 120 4 62 0
5 16 130 4 63 0
5 16 140 3 28 0
5 16 150 4 58 0
5 16 200 5 66 0
5 16 210 5 53 0
5 16 220 5 62 0
5 16 230 3 30 0
5 16 240 3 52 0
5 16 250 4 37 0
5 16 300 4 37 0
5 16 310 4 43 0
5 16 320 5 63 0
5 16 330 6 74 0
5 16 340 6 63 0
5 16 350 7 54 0
5 16 412 6 60 0
5 16 420 6 57 0
5 16 430 6 59 0
5 16 440 6 59 0
5 16 450 6 58 0
5 16 500 5 53 0
5 16 510 6 63 0
5 16 520 6 60 0
5 16 530 6 64 0
5 16 540 6 79 0
5 16 550 5 71 0
5 16 600 4 27 0
5 16 610 3 19 0
5 16 620 2 40 0
5 16 630 1 91 0
5 16 640 2 75 0
5 16 650 1 42 0
5 16 700 1 14 0
5 16 710 1 14 0
5 16 720 1 221 0
5 16 730 1 189 0
5 16 740 2 206 0
5 16 750 2 188 0
5 16 800 3 182 0
5 16 810 1 127 0
5 16 820 2 47 0
5 16 830 1 70 0
5 16 850 3 57 0
5 16 900 3 67 0
5 16 910 3 56 0
5 16 920 2 63 0
5 16 930 2 59 0
5 16 940 2 80 0
5 16 950 3 164 0
5 16 1000 3 160 0
5 16 1010 2 136 0
5 16 1020 3 149 0
5 16 1030 4 157 0
5 16 1040 5 163 0
5 16 1050 7 176 0
5 16 1100 7 181 0
5 16 1110 8 188 0
5 16 1120 8 208 0
5 16 1130 9 208 0
5 16 1140 10 198 0
5 16 1150 12 202 0
5 16 1200 12 197 0
5 16 1210 12 209 0
5 16 1220 14 208 0
5 16 1230 14 204 0
5 16 1240 15 213 0
5 16 1250 15 211 0
5 16 1300 17 207 0
5 16 1310 17 208 0
5 16 1320 16 213 0
5 16 1330 17 207 0
5 16 1340 15 207 0
5 16 1350 11 228 0
5 16 1400 11 233 0
5 16 1410 9 237 0
5 16 1420 11 236 0
5 16 1430 12 232 0
5 16 1440 9 232 0
5 16 1450 9 227 0
5 16 1500 12 213 0
5 16 1510 13 215 0
5 16 1520 13 212 0
5 16 1530 13 215 0
5 16 1540 14 217 0
5 16 1550 13 209 0
5 16 1600 13 210 0
5 16 1610 12 210 0
5 16 1620 11 217 0
5 16 1630 10 228 0
5 16 1640 10 225 0
5 16 1650 12 218 0
5 16 1700 11 213 0
5 16 1710 11 217 0
5 16 1720 13 206 0
5 16 1730 12 218 0
5 16 1740 13 212 0
5 16 1750 14 214 0
5 16 1800 12 215 0
5 16 1810 12 211 0
5 16 1820 12 212 0
5 16 1830 12 212 0
5 16 1840 11 216 0
5 16 1850 12 216 0
5 16 1900 9 217 0
5 16 1910 7 224 0
5 16 1920 6 215 0
5 16 1930 8 197 0
5 16 1940 6 215 0
5 16 1950 5 206 0
5 16 2000 5 208 0
5 16 2010 4 209 0
5 16 2020 3 214 0
5 16 2030 2 221 0
5 16 2040 2 219 0
5 16 2050 3 223 0
5 16 2100 3 221 0
5 16 2110 3 216 0
5 16 2120 2 203 0
5 16 2130 3 207 0
5 16 2140 1 206 0
5 16 2150 2 131 0
5 16 2200 2 209 0
5 16 2210 3 203 0
5 16 2220 3 217 0
5 16 2230 2 201 0
5 16 2240 2 134 0
5 16 2250 1 92 0
5 16 2300 1 181 0
5 16 2310 3 217 0
5 16 2320 2 217 0
5 16 2330 1 32 0
5 16 2340 1 10 0
5 16 2350 1 214 0
5 17 0 1 193 0
5 17 10 1 170 0
5 17 20 2 197 0
5 17 30 2 97 0
5 17 40 3 63 0
5 17 50 3 105 0
5 17 100 4 114 0
5 17 110 2 124 0
5 17 120 3 161 0
5 17 130 3 150 0
5 17 140 3 145 0
5 17 150 3 173 0
5 17 200 3 219 0
5 17 210 2 180 0
5 17 220 2 201 0
5 17 230 4 211 0
5 17 240 3 192 0
5 17 250 1 164 0
5 17 300 1 214 0
5 17 310 1 192 0
5 17 320 1 168 0
5 17 330 1 70 0
5 17 340 1 93 0
5 17 350 0 4 0
5 17 400 0 318 0
5 17 410 0 353 0
5 17 420 0 42 0
5 17 430 2 74 0
5 17 440 4 78 0
5 17 450 4 86 0
5 17 500 4 89 0
5 17 510 3 46 0
5 17 520 3 42 0
5 17 530 4 45 0
5 17 540 3 49 0
5 17 550 5 121 0
5 17 600 6 140 0
5 17 610 2 35 0
5 17 620 3 101 0
5 17 630 4 138 0
5 17 640 3 134 0
5 17 650 2 119 0
5 17 700 4 158 0
5 17 710 5 159 0
5 17 720 6 170 0
5 17 730 1 90 0
5 17 740 2 46 0
5 17 750 2 130 0
5 17 800 2 170 0
5 17 810 3 173 0
5 17 820 3 173 0
5 17 830 2 167 0
5 17 840 3 176 0
5 17 850 2 154 0
5 17 900 2 150 0
5 17 910 2 101 0
5 17 920 2 171 0
5 17 930 2 205 0
5 17 940 3 185 0
5 17 950 5 196 0
5 17 1000 6 199 0
5 17 1010 6 198 0
5 17 1020 7 195 0
5 17 1030 9 194 0
5 17 1040 9 196 0
5 17 1050 10 192 0
5 17 1100 11 196 0
5 17 1110 12 194 0
5 17 1120 10 199 0
5 17 1130 10 203 0
5 17 1140 8 189 0
5 17 1150 8 187 0
5 17 1200 8 207 0
5 17 1210 9 193 0
5 17 1220 10 195 0
5 17 1230 11 204 0
5 17 1240 10 210 0
5 17 1250 10 206 0
5 17 1300 11 200 0
5 17 1310 11 196 0
5 17 1320 12 204 0
5 17 1330 12 215 0
5 17 1340 12 208 0
5 17 1350 12 202 0
5 17 1400 11 198 0
5 17 1410 12 195 0
5 17 1420 11 197 0
5 17 1430 11 198 0
5 17 1440 11 199 0
5 17 1450 13 213 0
5 17 1500 12 211 0
5 17 1510 11 222 0
5 17 1520 12 210 0
5 17 1530 10 209 0
5 17 1540 10 202 0
5 17 1550 10 201 0
5 17 1600 11 214 0
5 17 1610 12 218 0
5 17 1620 10 208 0
5 17 1630 9 206 0
5 17 1640 10 207 0
5 17 1650 10 207 0
5 17 1700 9 209 0
5 17 1710 9 203 0
5 17 1720 10 204 0
5 17 1730 11 211 0
5 17 1740 10 212 0
5 17 1750 10 222 0
5 17 1800 10 224 0
5 17 1810 11 221 0
5 17 1820 10 217 0
5 17 1830 10 216 0
5 17 1840 11 209 0
5 17 1850 9 213 0
5 17 1900 8 207 0
5 17 1910 6 208 0
5 17 1920 6 202 0
5 17 1930 8 214 0
5 17 1940 9 217 0
5 17 1950 9 212 0
5 17 2000 9 212 0
5 17 2010 9 210 0
5 17 2020 9 215 0
5 17 2030 7 211 0
5 17 2040 7 214 0
5 17 2050 7 217 0
5 17 2100 7 213 0
5 17 2110 8 216 0
5 17 2120 8 217 0
5 17 2130 9 219 0
5 17 2140 9 218 0
5 17 2150 8 215 0
5 17 2200 6 216 0
5 17 2210 5 186 0
5 17 2220 3 186 0
5 17 2230 2 188 0
5 17 2240 3 181 0
5 17 2250 3 166 0
5 17 2300 4 169 0
5 17 2310 5 172 0
5 17 2320 6 182 0
5 17 2330 5 194 0
5 17 2340 5 200 0
5 17 2350 5 188 0
5 18 0 4 197 0
5 18 10 4 205 0
5 18 20 3 174 0
5 18 30 2 156 0
5 18 40 1 157 0
5 18 50 2 137 0
5 18 100 2 153 0
5 18 110 1 114 0
5 18 120 3 177 0
5 18 130 1 234 0
5 18 140 1 245 0
5 18 150 5 204 0
5 18 200 3 216 0
5 18 210 5 194 0
5 18 220 3 201 0
5 18 230 3 163 0
5 18 240 4 187 0
5 18 250 4 181 0
5 18 300 2 202 0
5 18 310 1 226 0
5 18 320 4 172 0
5 18 330 3 168 0
5 18 340 3 150 0
5 18 350 4 181 0
5 18 400 3 179 0
5 18 410 3 168 0
5 18 420 3 168 0
5 18 430 3 182 0
5 18 440 5 172 0
5 18 450 4 163 0
5 18 500 3 176 0
5 18 510 4 162 0
5 18 520 4 173 0
5 18 530 3 177 0
5 18 540 1 190 0
5 18 550 3 194 0
5 18 600 5 20 0
5 18 610 4 11 0
5 18 620 2 184 0
5 18 630 1 176 0
5 18 640 1 115 0
5 18 650 1 174 0
5 18 700 2 160 0
5 18 710 2 177 0
5 18 720 3 174 0
5 18 730 3 180 0
5 18 740 2 218 0
5 18 750 3 213 0
5 18 800 3 209 0
5 18 810 2 225 0
5 18 820 2 188 0
5 18 830 2 121 0
5 18 840 3 164 0
5 18 850 5 184 0
5 18 900 4 182 0
5 18 910 5 167 0
5 18 920 5 181 0
5 18 930 4 173 0
5 18 940 6 185 0
5 18 950 6 179 0
5 18 1000 5 181 0
5 18 1010 6 182 0
5 18 1020 5 182 0
5 18 1030 5 174 0
5 18 1040 5 171 0
5 18 1050 5 175 0
5 18 1100 6 182 0
5 18 1110 6 182 0
5 18 1120 8 187 0
5 18 1130 10 201 0
5 18 1140 9 191 0
5 18 1150 8 188 0
5 18 1200 10 200 0
5 18 1210 10 201 0
5 18 1220 9 194 0
5 18 1230 9 202 0
5 18 1240 10 206 0
5 18 1250 12 219 0
5 18 1300 13 202 0
5 18 1310 12 214 0
5 18 1320 12 201 0
5 18 1330 12 203 0
5 18 1340 14 210 0
5 18 1350 14 208 0
5 18 1400 14 214 0
5 18 1410 15 206 0
5 18 1420 14 214 0
5 18 1430 14 217 0
5 18 1440 14 219 0
5 18 1450 13 213 0
5 18 1500 13 210 0
5 18 1510 13 208 0
5 18 1520 14 208 0
5 18 1530 16 209 0
5 18 1540 15 214 0
5 18 1550 15 214 0
5 18 1600 14 217 0
5 18 1610 15 214 0
5 18 1620 15 210 0
5 18 1630 14 211 0
5 18 1640 14 205 0
5 18 1650 14 210 0
5 18 1700 13 217 0
5 18 1710 13 212 0
5 18 1720 13 218 0
5 18 1730 12 213 0
5 18 1740 12 211 0
5 18 1750 11 209 0
5 18 1800 12 209 0
5 18 1810 11 207 0
5 18 1820 11 216 0
5 18 1830 12 219 0
5 18 1840 11 221 0
5 18 1850 11 218 0
5 18 1900 12 218 0
5 18 1910 12 221 0
5 18 1920 12 219 0
5 18 1930 10 219 0
5 18 1940 10 217 0
5 18 1950 10 217 0
5 18 2000 9 221 0
5 18 2010 8 219 0
5 18 2020 8 219 0
5 18 2030 8 221 0
5 18 2040 7 222 0
5 18 2050 7 220 0
5 18 2100 6 226 0
5 18 2110 6 219 0
5 18 2120 6 197 0
5 18 2130 6 191 0
5 18 2140 7 195 0
5 18 2150 6 199 0
5 18 2200 5 176 0
5 18 2210 7 171 0
5 18 2220 7 175 0
5 18 2230 6 175 0
5 18 2240 6 169 0
5 18 2250 8 179 0
5 18 2300 7 170 0
5 18 2310 7 171 0
5 18 2320 7 165 0
5 18 2330 6 159 0
5 18 2340 8 164 0
5 18 2350 7 163 0
5 19 0 7 168 0
5 19 10 7 177 0
5 19 20 7 172 0
5 19 30 9 173 0
5 19 40 9 176 0
5 19 50 8 173 0
5 19 100 7 167 0
5 19 110 10 175 0
5 19 120 7 161 0
5 19 130 9 174 0
5 19 140 9 173 0
5 19 150 7 167 0
5 19 200 7 156 0
5 19 210 6 164 0
5 19 220 7 176 0
5 19 230 7 169 0
5 19 240 6 166 0
5 19 250 8 164 0
5 19 300 9 171 0
5 19 310 9 172 0
5 19 320 8 163 0
5 19 330 5 172 0
5 19 340 6 180 0
5 19 350 5 187 0
5 19 400 5 201 0
5 19 410 5 162 0
5 19 420 5 172 0
5 19 430 8 165 0
5 19 440 4 156 0
5 19 450 4 175 0
5 19 500 5 169 0
5 19 510 5 170 0
5 19 520 6 175 0
5 19 530 7 177 0
5 19 540 8 168 0
5 19 550 7 180 0
5 19 600 8 163 0
5 19 610 10 176 0
5 19 620 9 176 0
5 19 630 7 174 0
5 19 640 7 169 0
5 19 650 4 158 0
5 19 700 4 184 0
5 19 710 6 176 0
5 19 720 7 178 0
5 19 730 6 172 0
5 19 740 7 171 0
5 19 750 5 167 0
5 19 800 5 164 0
5 19 810 8 168 0
5 19 820 7 169 0
5 19 830 3 166 0
5 19 840 6 179 0
5 19 850 7 198 0
5 19 900 8 195 0
5 19 910 8 193 0
5 19 920 10 192 0
5 19 930 9 193 0
5 19 940 10 191 0
5 19 950 13 191 0
5 19 1000 10 194 0
5 19 1010 11 192 0
5 19 1020 10 188 0
5 19 1030 10 192 0
5 19 1040 11 189 0
5 19 1050 10 194 0
5 19 1100 10 196 0
5 19 1110 11 176 0
5 19 1120 11 209 0
5 19 1130 12 192 0
5 19 1140 11 194 0
5 19 1150 11 192 0
5 19 1200 12 177 0
5 19 1210 13 199 0
5 19 1220 13 182 0
5 19 1230 12 187 0
5 19 1240 14 192 0
5 19 1250 15 187 0
5 19 1300 14 193 0
5 19 1310 15 199 0
5 19 1320 16 196 0
5 19 1330 15 198 0
5 19 1340 15 201 0
5 19 1350 16 201 0
5 19 1400 15 204 0
5 19 1410 17 190 0
5 19 1420 17 202 0
5 19 1430 17 205 0
5 19 1440 17 206 0
5 19 1450 17 206 0
5 19 1500 17 213 0
5 19 1510 17 208 0
5 19 1520 17 214 0
5 19 1530 16 214 0
5 19 1540 15 205 0
5 19 1550 15 201 0
5 19 1600 16 204 0
5 19 1610 15 206 0
5 19 1620 16 209 0
5 19 1630 14 209 0
5 19 1640 14 208 0
5 19 1650 15 206 0
5 19 1700 13 211 0
5 19 1710 12 208 0
5 19 1720 11 196 0
5 19 1730 12 198 0
5 19 1740 10 196 0
5 19 1750 11 187 0
5 19 1800 12 202 0
5 19 1810 14 199 0
5 19 1820 13 198 0
5 19 1830 14 200 0
5 19 1840 11 209 0
5 19 1850 12 213 0
5 19 1900 11 209 0
5 19 1910 12 200 0
5 19 1920 11 212 0
5 19 1930 11 205 0
5 19 1940 9 210 0
5 19 1950 7 217 0
5 19 2000 6 215 0
5 19 2010 5 206 0
5 19 2020 4 204 0
5 19 2030 5 184 0
5 19 2040 6 200 0
5 19 2050 6 189 0
5 19 2100 6 189 0
5 19 2110 4 181 0
5 19 2120 3 165 0
5 19 2130 5 177 0
5 19 2140 8 185 0
5 19 2150 5 171 0
5 19 2200 6 173 0
5 19 2210 5 192 0
5 19 2220 5 220 0
5 19 2230 5 171 0
5 19 2240 6 174 0
5 19 2250 5 199 0
5 19 2300 6 216 0
5 19 2310 7 219 0
5 19 2320 8 221 0
5 19 2330 10 219 0
5 19 2340 11 216 0
5 19 2350 12 218 0
5 20 0 11 222 0
5 20 10 12 217 0
5 20 20 14 216 0
5 20 30 14 213 0
5 20 40 12 217 0
5 20 50 12 216 0
5 20 100 12 217 0
5 20 110 13 212 0
5 20 120 13 212 0
5 20 130 12 218 0
5 20 140 13 217 0
5 20 150 12 217 0
5 20 200 11 213 0
5 20 210 10 213 0
5 20 220 9 211 0
5 20 230 10 200 0
5 20 240 10 205 0
5 20 250 11 198 0
5 20 300 11 208 0
5 20 310 12 210 0
5 20 320 11 207 0
5 20 330 11 208 0
5 20 340 10 199 0
5 20 350 11 201 0
5 20 400 12 196 0
5 20 410 13 192 0
5 20 420 11 197 0
5 20 430 11 189 0
5 20 440 10 197 0
5 20 450 9 193 0
5 20 500 10 186 0
5 20 510 12 189 0
5 20 520 12 187 0
5 20 530 11 188 0
5 20 540 12 186 0
5 20 550 12 183 0
5 20 600 11 178 0
5 20 610 11 178 0
5 20 620 12 186 0
5 20 630 11 185 0
5 20 640 10 178 0
5 20 650 8 178 0
5 20 700 7 175 0
5 20 710 8 185 0
5 20 720 8 192 0
5 20 730 9 179 0
5 20 740 11 182 0
5 20 750 13 187 0
5 20 800 10 190 0
5 20 810 10 192 0
5 20 820 11 188 0
5 20 830 11 192 0
5 20 840 12 194 0
5 20 850 10 170 0
5 20 900 8 181 0
5 20 910 11 193 0
5 20 920 8 192 0
5 20 930 11 187 0
5 20 940 9 198 0
5 20 950 11 180 0
5 20 1000 11 182 0
5 20 1010 13 196 0
5 20 1020 15 206 0
5 20 1030 15 216 0
5 20 1040 13 208 0
5 20 1050 13 205 0
5 20 1100 12 228 0
5 20 1110 14 217 0
5 20 1120 14 220 0
5 20 1130 14 211 0
5 20 1140 16 215 0
5 20 1150 15 217 0
5 20 1200 15 216 0
5 20 1210 16 200 0
5 20 1220 15 219 0
5 20 1230 15 218 0
5 20 1240 16 204 0
5 20 1250 16 214 0
5 20 1300 15 208 0
5 20 1310 15 202 0
5 20 1320 14 206 0
5 20 1330 13 218 0
5 20 1340 13 212 0
5 20 1350 14 216 0
5 20 1400 13 204 0
5 20 1410 14 213 0
5 20 1420 12 220 0
5 20 1430 16 214 0
5 20 1440 17 214 0
5 20 1450 16 209 0
5 20 1500 15 222 0
5 20 1510 16 214 0
5 20 1520 17 216 0
5 20 1530 17 208 0
5 20 1540 16 214 0
5 20 1550 15 218 0
5 20 1600 13 216 0
5 20 1610 12 229 0
5 20 1620 14 227 0
5 20 1630 12 219 0
5 20 1640 15 210 0
5 20 1650 14 221 0
5 20 1700 14 220 0
5 20 1710 14 219 0
5 20 1720 15 206 0
5 20 1730 13 216 0
5 20 1740 15 207 0
5 20 1750 13 221 0
5 20 1800 14 230 0
5 20 1810 13 211 0
5 20 1820 10 224 0
5 20 1830 11 227 0
5 20 1840 9 226 0
5 20 1850 10 220 0
5 20 1900 9 223 0
5 20 1910 9 219 0
5 20 1920 9 226 0
5 20 1930 9 221 0
5 20 1940 9 219 0
5 20 1950 10 221 0
5 20 2000 9 216 0
5 20 2010 9 225 0
5 20 2020 11 218 0
5 20 2030 11 223 0
5 20 2040 11 227 0
5 20 2050 9 219 0
5 20 2100 10 223 0
5 20 2110 9 227 0
5 20 2120 8 216 0
5 20 2130 7 220 0
5 20 2140 8 218 0
5 20 2150 9 215 0
5 20 2200 9 216 0
5 20 2210 8 217 0
5 20 2220 8 215 0
5 20 2230 8 217 0
5 20 2240 8 217 0
5 20 2250 8 212 0
5 20 2300 8 221 0
5 20 2310 7 216 0
5 20 2320 7 213 0
5 20 2330 7 219 0
5 20 2340 7 213 0
5 20 2350 8 217 0
5 21 0 9 210 0
5 21 10 10 214 0
5 21 20 10 213 0
5 21 30 10 216 0
5 21 40 9 214 0
5 21 50 8 215 0
5 21 100 8 215 0
5 21 110 7 214 0
5 21 120 6 218 0
5 21 130 3 220 0
5 21 140 2 211 0
5 21 150 5 214 0
5 21 200 5 222 0
5 21 210 4 215 0
5 21 220 1 223 0
5 21 230 2 209 0
5 21 240 3 214 0
5 21 250 4 182 0
5 21 300 4 169 0
5 21 310 4 171 0
5 21 320 5 167 0
5 21 330 4 150 0
5 21 340 3 145 0
5 21 350 4 151 0
5 21 400 4 160 0
5 21 410 5 148 0
5 21 420 6 159 0
5 21 430 7 162 0
5 21 440 7 169 0
5 21 450 7 170 0
5 21 500 9 174 0
5 21 510 8 169 0
5 21 520 6 160 0
5 21 530 6 160 0
5 21 540 6 162 0
5 21 550 7 166 0
5 21 600 7 165 0
5 21 610 5 152 0
5 21 620 5 149 0
5 21 630 4 146 0
5 21 640 5 151 0
5 21 650 6 158 0
5 21 700 6 163 0
5 21 710 5 172 0
5 21 720 3 179 0
5 21 730 4 161 0
5 21 740 5 167 0
5 21 750 6 163 0
5 21 800 8 178 0
5 21 810 8 191 0
5 21 820 9 204 0
5 21 830 9 199 0
5 21 840 9 198 0
5 21 850 9 189 0
5 21 900 8 202 0
5 21 910 8 188 0
5 21 920 7 196 0
5 21 930 9 203 0
5 21 940 7 200 0
5 21 950 7 192 0
5 21 1000 7 174 0
5 21 1010 4 179 0
5 21 1020 7 192 0
5 21 1030 7 193 0
5 21 1040 5 179 0
5 21 1050 4 175 0
5 21 1100 6 215 0
5 21 1110 10 197 0
5 21 1120 10 200 0
5 21 1130 10 200 0
5 21 1140 9 200 0
5 21 1150 9 215 0
5 21 1200 11 206 0
5 21 1210 12 207 0
5 21 1220 12 219 0
5 21 1230 15 208 0
5 21 1240 14 207 0
5 21 1250 14 211 0
5 21 1300 13 212 0
5 21 1310 12 205 0
5 21 1320 12 229 0
5 21 1330 12 204 0
5 21 1340 12 198 0
5 21 1350 12 205 0
5 21 1400 13 193 0
5 21 1410 13 203 0
5 21 1420 12 200 0
5 21 1430 14 202 0
5 21 1440 15 208 0
5 21 1450 15 206 0
5 21 1500 17 209 0
5 21 1510 15 214 0
5 21 1520 18 212 0
5 21 1530 20 219 0
5 21 1540 18 219 0
5 21 1550 17 218 0
5 21 1600 17 218 0
5 21 1610 15 209 0
5 21 1620 16 209 0
5 21 1630 15 217 0
5 21 1640 14 205 0
5 21 1650 11 218 0
5 21 1700 11 214 0
5 21 1710 10 223 0
5 21 1720 12 231 0
5 21 1730 11 232 0
5 21 1740 12 229 0
5 21 1750 13 229 0
5 21 1800 13 228 0
5 21 1810 11 230 0
5 21 1820 11 223 0
5 21 1830 10 232 0
5 21 1840 8 229 0
5 21 1850 10 229 0
5 21 1900 7 230 0
5 21 1910 7 225 0
5 21 1920 7 231 0
5 21 1930 7 229 0
5 21 1940 7 232 0
5 21 1950 7 230 0
5 21 2000 7 218 0
5 21 2010 5 219 0
5 21 2020 6 219 0
5 21 2030 6 223 0
5 21 2040 7 215 0
5 21 2050 8 211 0
5 21 2100 6 218 0
5 21 2110 5 224 0
5 21 2120 6 224 0
5 21 2130 7 221 0
5 21 2140 7 222 0
5 21 2150 6 220 0
5 21 2200 6 221 0
5 21 2210 7 219 0
5 21 2220 7 214 0
5 21 2230 6 214 0
5 21 2240 6 220 0
5 21 2250 6 211 0
5 21 2300 5 218 0
5 21 2310 5 221 0
5 21 2320 5 219 0
5 21 2330 6 214 0
5 21 2340 6 215 0
5 21 2350 5 218 0
5 22 0 5 215 0
5 22 10 4 224 0
5 22 20 3 210 0
5 22 30 4 167 0
5 22 40 4 158 0
5 22 50 3 150 0
5 22 100 3 148 0
5 22 110 3 150 0
5 22 120 3 162 0
5 22 130 4 159 0
5 22 140 4 170 0
5 22 150 3 150 0
5 22 200 3 171 0
5 22 210 4 173 0
5 22 220 6 197 0
5 22 230 5 211 0
5 22 240 5 221 0
5 22 250 4 229 0
5 22 300 1 227 0
5 22 310 3 171 0
5 22 320 3 159 0
5 22 330 4 171 0
5 22 340 4 205 0
5 22 350 5 208 0
5 22 400 5 176 0
5 22 410 4 178 0
5 22 420 3 140 0
5 22 430 3 182 0
5 22 440 4 171 0
5 22 450 5 175 0
5 22 500 5 162 0
5 22 510 3 167 0
5 22 520 4 178 0
5 22 530 4 178 0
5 22 540 3 178 0
5 22 550 4 165 0
5 22 600 3 187 0
5 22 610 4 169 0
5 22 620 6 171 0
5 22 630 7 189 0
5 22 640 7 203 0
5 22 650 7 209 0
5 22 700 7 203 0
5 22 710 7 206 0
5 22 720 8 203 0
5 22 730 9 198 0
5 22 740 10 206 0
5 22 750 10 203 0
5 22 800 11 199 0
5 22 810 9 214 0
5 22 820 8 211 0
5 22 830 8 203 0
5 22 840 8 208 0
5 22 850 6 210 0
5 22 900 7 217 0
5 22 910 7 216 0
5 22 920 7 208 0
5 22 930 8 206 0
5 22 940 8 214 0
5 22 950 8 213 0
5 22 1000 9 210 0
5 22 1010 10 223 0
5 22 1020 10 223 0
5 22 1030 10 213 0
5 22 1040 10 218 0
5 22 1050 8 223 0
5 22 1100 10 208 0
5 22 1110 10 203 0
5 22 1120 10 213 0
5 22 1130 9 218 0
5 22 1140 9 218 0
5 22 1150 6 234 0
5 22 1200 9 215 0
5 22 1210 9 204 0
5 22 1220 11 200 0
5 22 1230 11 205 0
5 22 1240 12 215 0
5 22 1250 15 213 0
5 22 1300 15 212 0
5 22 1310 16 220 0
5 22 1320 17 216 0
5 22 1330 16 218 0
5 22 1340 16 212 0
5 22 1350 15 213 0
5 22 1400 14 217 0
5 22 1410 14 219 0
5 22 1420 13 222 0
5 22 1430 14 221 0
5 22 1440 14 220 0
5 22 1450 14 218 0
5 22 1500 13 219 0
5 22 1510 12 220 0
5 22 1520 11 217 0
5 22 1530 12 223 0
5 22 1540 11 222 0
5 22 1550 11 218 0
5 22 1600 13 217 0
5 22 1610 11 221 0
5 22 1620 12 215 0
5 22 1630 12 212 0
5 22 1640 12 210 0
5 22 1650 11 212 0
5 22 1700 9 219 0
5 22 1710 9 222 0
5 22 1720 8 206 0
5 22 1730 8 206 0
5 22 1740 8 208 0
5 22 1750 7 204 0
5 22 1800 6 216 0
5 22 1810 8 219 0
5 22 1820 9 213 0
5 22 1830 8 206 0
5 22 1840 8 209 0
5 22 1850 10 214 0
5 22 1900 10 218 0
5 22 1910 8 222 0
5 22 1920 9 219 0
5 22 1930 11 217 0
5 22 1940 12 213 0
5 22 1950 12 216 0
5 22 2000 12 217 0
5 22 2010 13 214 0
5 22 2020 13 217 0
5 22 2030 11 219 0
5 22 2040 11 214 0
5 22 2050 11 213 0
5 22 2100 9 218 0
5 22 2110 8 213 0
5 22 2120 7 221 0
5 22 2130 5 232 0
5 22 2140 4 241 0
5 22 2150 6 230 0
5 22 2200 3 241 0
5 22 2210 6 231 0
5 22 2220 8 220 0
5 22 2230 10 220 0
5 22 2240 11 210 0
5 22 2250 10 217 0
5 22 2300 7 224 0
5 22 2310 7 218 0
5 22 2320 8 217 0
5 22 2330 6 222 0
5 22 2340 5 217 0
5 22 2350 5 216 0
5 23 550 5 216 0

	Total Farsite Run Time: 294.374 Seconds
